1405370891223
1405370893224
1405370895236
1405370897233
1405370903251
1405370905254
1405370909268
1405370915298
1405370917323
1405370919351
1405370923368
1405370925371
1405370927387
1405370929393
1405370935411
1405370937426
1405370939426
1405370941428
1405370943431
1405370947444
1405370949448
1405370957501
1405370959502
1405370967536
1405370969543
1405370971545
1405370975557
1405370977558
1405370979557
1405370981567
1405370985582
1405370987612
1405370989613
1405370989614
1405370989615
1405370989616